{
 "cells": [
  {
   "cell_type": "code",
   "execution_count": 1,
   "id": "a89f8a6f-8778-4712-a750-ff77cfee24ba",
   "metadata": {},
   "outputs": [
    {
     "name": "stdout",
     "output_type": "stream",
     "text": [
      "Window: 0\n",
      "          entry_id    field1    field2    field3    field4    field5  \\\n",
      "entry_id  1.000000 -0.313682 -0.348353 -0.368877 -0.332879  0.999993   \n",
      "field1   -0.313682  1.000000  0.036497  0.728162  0.122600 -0.313843   \n",
      "field2   -0.348353  0.036497  1.000000  0.653473  0.247969 -0.348867   \n",
      "field3   -0.368877  0.728162  0.653473  1.000000  0.238118 -0.369261   \n",
      "field4   -0.332879  0.122600  0.247969  0.238118  1.000000 -0.333589   \n",
      "field5    0.999993 -0.313843 -0.348867 -0.369261 -0.333589  1.000000   \n",
      "field6    0.999993 -0.313843 -0.348867 -0.369261 -0.333589  1.000000   \n",
      "field7    0.999993 -0.313843 -0.348867 -0.369261 -0.333589  1.000000   \n",
      "field8    0.999993 -0.313843 -0.348867 -0.369261 -0.333589  1.000000   \n",
      "\n",
      "            field6    field7    field8  \n",
      "entry_id  0.999993  0.999993  0.999993  \n",
      "field1   -0.313843 -0.313843 -0.313843  \n",
      "field2   -0.348867 -0.348867 -0.348867  \n",
      "field3   -0.369261 -0.369261 -0.369261  \n",
      "field4   -0.333589 -0.333589 -0.333589  \n",
      "field5    1.000000  1.000000  1.000000  \n",
      "field6    1.000000  1.000000  1.000000  \n",
      "field7    1.000000  1.000000  1.000000  \n",
      "field8    1.000000  1.000000  1.000000  \n",
      "          entry_id    field1    field2    field3    field4    field5  \\\n",
      "entry_id  1.000000 -0.313682 -0.348353 -0.368877 -0.332879  0.999993   \n",
      "field1   -0.313682  1.000000  0.036497  0.728162  0.122600 -0.313843   \n",
      "field2   -0.348353  0.036497  1.000000  0.653473  0.247969 -0.348867   \n",
      "field3   -0.368877  0.728162  0.653473  1.000000  0.238118 -0.369261   \n",
      "field4   -0.332879  0.122600  0.247969  0.238118  1.000000 -0.333589   \n",
      "field5    0.999993 -0.313843 -0.348867 -0.369261 -0.333589  1.000000   \n",
      "field6    0.999993 -0.313843 -0.348867 -0.369261 -0.333589  1.000000   \n",
      "field7    0.999993 -0.313843 -0.348867 -0.369261 -0.333589  1.000000   \n",
      "field8    0.999993 -0.313843 -0.348867 -0.369261 -0.333589  1.000000   \n",
      "\n",
      "            field6    field7    field8  \n",
      "entry_id  0.999993  0.999993  0.999993  \n",
      "field1   -0.313843 -0.313843 -0.313843  \n",
      "field2   -0.348867 -0.348867 -0.348867  \n",
      "field3   -0.369261 -0.369261 -0.369261  \n",
      "field4   -0.333589 -0.333589 -0.333589  \n",
      "field5    1.000000  1.000000  1.000000  \n",
      "field6    1.000000  1.000000  1.000000  \n",
      "field7    1.000000  1.000000  1.000000  \n",
      "field8    1.000000  1.000000  1.000000  \n"
     ]
    }
   ],
   "source": [
    "import pandas as pd\n",
    "import numpy as np\n",
    "from typing import List, Dict, Any, Optional\n",
    "\n",
    "\n",
    "def compute_windowed_pearson_correlation(\n",
    "    df: pd.DataFrame,\n",
    "    timestamp_col: str = \"time\",\n",
    "    sensor_cols: Optional[List[str]] = None,\n",
    "    window_size: int = 100,\n",
    "    step_size: int = 50,\n",
    "    min_periods: int = 2\n",
    ") -> List[Dict[str, Any]]:\n",
    "    \"\"\"\n",
    "    Compute Pearson correlation matrix for each sliding window.\n",
    "\n",
    "    Parameters\n",
    "    ----------\n",
    "    df : pd.DataFrame\n",
    "        Input dataframe containing timestamp + sensor variables.\n",
    "    timestamp_col : str\n",
    "        Name of timestamp column.\n",
    "    sensor_cols : list\n",
    "        Sensor variable columns. If None, auto-detect numeric columns.\n",
    "    window_size : int\n",
    "        Number of rows per window.\n",
    "    step_size : int\n",
    "        Sliding step between windows.\n",
    "    min_periods : int\n",
    "        Minimum observations required for correlation.\n",
    "\n",
    "    Returns\n",
    "    -------\n",
    "    results : List[Dict]\n",
    "        Each item contains:\n",
    "        {\n",
    "            'window_id': int,\n",
    "            'start_index': int,\n",
    "            'end_index': int,\n",
    "            'start_time': ...,\n",
    "            'end_time': ...,\n",
    "            'correlation_matrix': pd.DataFrame\n",
    "        }\n",
    "    \"\"\"\n",
    "\n",
    "    df = df.copy()\n",
    "\n",
    "    # Sort by timestamp if column exists\n",
    "    if timestamp_col in df.columns:\n",
    "        df = df.sort_values(timestamp_col).reset_index(drop=True)\n",
    "\n",
    "    # Auto-detect numeric sensor columns\n",
    "    if sensor_cols is None:\n",
    "        sensor_cols = df.select_dtypes(include=[np.number]).columns.tolist()\n",
    "        if timestamp_col in sensor_cols:\n",
    "            sensor_cols.remove(timestamp_col)\n",
    "\n",
    "    results = []\n",
    "    n_rows = len(df)\n",
    "\n",
    "    # Convert only sensor data to NumPy for efficiency\n",
    "    sensor_data = df[sensor_cols]\n",
    "\n",
    "    window_id = 0\n",
    "\n",
    "    for start in range(0, n_rows - window_size + 1, step_size):\n",
    "        end = start + window_size\n",
    "\n",
    "        # Slice window\n",
    "        window_df = sensor_data.iloc[start:end]\n",
    "\n",
    "        # Pearson correlation matrix\n",
    "        corr_matrix = window_df.corr(method=\"pearson\", min_periods=min_periods)\n",
    "\n",
    "        # Store structured output\n",
    "        result = {\n",
    "            \"window_id\": window_id,\n",
    "            \"start_index\": start,\n",
    "            \"end_index\": end - 1,\n",
    "            \"start_time\": df.iloc[start][timestamp_col] if timestamp_col in df.columns else None,\n",
    "            \"end_time\": df.iloc[end - 1][timestamp_col] if timestamp_col in df.columns else None,\n",
    "            \"correlation_matrix\": corr_matrix\n",
    "        }\n",
    "\n",
    "        results.append(result)\n",
    "        window_id += 1\n",
    "\n",
    "    return results\n",
    "\n",
    "\n",
    "# ==================================================\n",
    "# Example Usage\n",
    "# ==================================================\n",
    "\n",
    "# Load data\n",
    "df = pd.read_csv(\"2881821.csv\")\n",
    "\n",
    "# Run correlation windows\n",
    "results = compute_windowed_pearson_correlation(\n",
    "    df=df,\n",
    "    timestamp_col=\"time\",\n",
    "    window_size=200,\n",
    "    step_size=100\n",
    ")\n",
    "\n",
    "# Print first window correlation matrix\n",
    "print(\"Window:\", results[0][\"window_id\"])\n",
    "print(results[0][\"correlation_matrix\"])\n",
    "\n",
    "\n",
    "# ==================================================\n",
    "# Optional: Convert all matrices into dictionary form\n",
    "# ==================================================\n",
    "\n",
    "corr_dict = {\n",
    "    item[\"window_id\"]: item[\"correlation_matrix\"]\n",
    "    for item in results\n",
    "}\n",
    "\n",
    "# Access example\n",
    "print(corr_dict[0])"
   ]
  },
  {
   "cell_type": "code",
   "execution_count": null,
   "id": "b860ec11-62b1-47ce-980b-11442428cd63",
   "metadata": {},
   "outputs": [],
   "source": []
  }
 ],
 "metadata": {
  "kernelspec": {
   "display_name": "Python [conda env:base] *",
   "language": "python",
   "name": "conda-base-py"
  },
  "language_info": {
   "codemirror_mode": {
    "name": "ipython",
    "version": 3
   },
   "file_extension": ".py",
   "mimetype": "text/x-python",
   "name": "python",
   "nbconvert_exporter": "python",
   "pygments_lexer": "ipython3",
   "version": "3.12.7"
  }
 },
 "nbformat": 4,
 "nbformat_minor": 5
}
